0.2435872585126333 -24.029850746268664
23.10719131614654 13.582089552238813
48.76784906635656 49.40298507462688
99.91277379337085 102.23880597014926
148.19344834270208 149.70149253731347
199.03598888673514 170.2985074626866
300.5782774439491 196.26865671641792
401.92737610648055 201.64179104477614
500.32822898494544 192.68656716417914
601.2741487368352 155.07462686567163
800.7637138980423 123.73134328358213
1000.3960715901015 107.61194029850748
1199.9948310396073 87.91044776119406

